{"matrix":[[0,535.39,365.38,552.8,385.59,307.47,465.64,593.02,397,1289.14,437.28,460.7,711.66],[535.39,0,637.33,776.89,325.15,579.42,218.11,1116.41,673.56,979.16,262.48,737.27,264.54],[365.38,637.33,0,192.04,572.41,57.91,535.19,834.72,36.23,1161.4,628.96,99.94,813.6],[552.8,776.89,192.04,0,764.45,249.95,674.76,1007.63,155.87,1300.96,820.99,98.66,953.16],[385.59,325.15,572.41,764.45,0,514.5,278.69,966.61,608.65,1110.75,111.36,672.35,396.13],[307.47,579.42,57.91,249.95,514.5,0,477.28,776.81,94.14,1103.49,571.05,157.85,755.69],[465.64,218.11,535.19,674.76,278.69,477.28,0,1046.67,571.43,840.64,335.59,635.13,387.44],[593.02,1116.41,834.72,1007.63,966.61,776.81,1046.67,0,851.83,1806.52,1018.3,915.54,1292.68],[397,673.56,36.23,155.87,608.65,94.14,571.43,851.83,0,1197.64,665.19,63.7,849.83],[1289.14,979.16,1161.4,1300.96,1110.75,1103.49,840.64,1806.52,1197.64,0,1005.36,1261.34,994.66],[437.28,262.48,628.96,820.99,111.36,571.05,335.59,1018.3,665.19,1005.36,0,728.89,290.73],[460.7,737.27,99.94,98.66,672.35,157.85,635.13,915.54,63.7,1261.34,728.89,0,913.54],[711.66,264.54,813.6,953.16,396.13,755.69,387.44,1292.68,849.83,994.66,290.73,913.54,0]],"items":["Gotlands","Gästrike-Hälsing","Göteborgs","Kalmar","Norrlands","Smålands","Stockholms","Södermanlands-Nerikes","Uplands","Värmlands","Västgöta","Västmanlands-Dala","Östgöta"]}